intrinsics:
1464.5914, 0.0, 963.2989
0.0, 1464.5914, 720.8934
0.0, 0.0, 1.0

extrinsic:
-0.04085445, 0.99797344, -0.048785865, -0.13157378
-0.98345715, -0.031540398, 0.17837392, 0.22873357
0.1764737, 0.05526618, 0.9827526, 0.009973778
0.0, 0.0, 0.0, 1.0000001



