intrinsics:
1469.6776, 0.0, 963.18005
0.0, 1469.6776, 720.8526
0.0, 0.0, 1.0

extrinsic:
-0.038324405, 0.9982651, -0.044697873, -0.16153209
-0.9807242, -0.028998878, 0.19323301, 0.22109005
0.19160157, 0.051241834, 0.9801341, -0.038070932
0.0, 0.0, 0.0, 1.0