intrinsics:
1469.712, 0.0, 963.1856
0.0, 1469.712, 720.8917
0.0, 0.0, 1.0

extrinsic:
-0.029891025, 0.9979602, -0.05640926, -0.16316687
-0.978933, -0.017823882, 0.20340256, 0.23614967
0.20198223, 0.06130079, 0.97746897, -0.010881769
0.0, 0.0, 0.0, 1.0