intrinsics:
1464.4575, 0.0, 963.2605
0.0, 1464.4575, 720.9405
0.0, 0.0, 1.0

extrinsic:
-0.02835902, 0.99816346, -0.053529073, -0.14027815
-0.98330814, -0.01822863, 0.18103255, 0.2290487
0.1797243, 0.057769485, 0.9820192, 0.012332428
0.0, 0.0, 0.0, 1.0