intrinsics:
1466.7865, 0.0, 963.2615
0.0, 1466.7865, 720.94666
0.0, 0.0, 1.0

extrinsic:
-0.03467611, 0.99827415, -0.04739684, -0.14085019
-0.9825441, -0.02537982, 0.18429053, 0.23252045
0.18276954, 0.05295997, 0.9817283, 0.014150908
0.0, 0.0, 0.0, 1.0